baseline: 0.6540 +- 0.0080 (LR: 0.005767)
standard_conv: 0.7085 +- 0.0085 (LR: 0.004179)
gabor: 0.6595 +- 0.0005 (LR: 0.003945)
chirplet: 0.6615 +- 0.0075 (LR: 0.005103)
