baseline: 0.7432 +/- 0.0055 (LR: 0.008959)
dzt_augmented: 0.7617 +/- 0.0056 (LR: 0.003398)
dzt_only: 0.7795 +/- 0.0091 (LR: 0.006019)
