Baseline: 0.7393 +/- 0.0096 (Best LR: 0.009018922829365821)
Hjorth: 0.2978 +/- 0.0057 (Best LR: 0.009959491875953552)
HjorthAugmented: 0.7555 +/- 0.0062 (Best LR: 0.00744604731788817)
