baseline: 0.7712 +- 0.0194 (Best LR: 0.008986)
Accuracies: [0.7960000038146973, 0.75, 0.7925000190734863, 0.7639999985694885, 0.7534999847412109]

dfd: 0.7890 +- 0.0158 (Best LR: 0.005717)
Accuracies: [0.7950000166893005, 0.7900000214576721, 0.7919999957084656, 0.8080000281333923, 0.7599999904632568]
