Mean: 0.7703333298365275
Std: 0.009401538399713543
LR: 0.00354
History: [0.44883333643277484, 0.5633333524068197, 0.5996666550636292, 0.621666669845581, 0.6519999901453654, 0.6776666641235352, 0.6993333498636881, 0.7081666787465414, 0.7119999925295512, 0.7288333376248678, 0.7360000014305115, 0.7386666735013326, 0.7491666873296102, 0.750333329041799, 0.7489999930063883, 0.749666670958201, 0.7596666614214579, 0.7576666673024496, 0.7598333160082499, 0.7588333487510681, 0.7675000230471293, 0.7546666661898295, 0.7583333452542623, 0.7450000047683716, 0.7448333303133646, 0.7510000069936117, 0.7590000033378601, 0.7618333498636881, 0.7676666577657064, 0.7703333298365275]
