Mean: 0.7573333382606506
Std: 0.009681024028936855
LR: 0.0134
History: [0.43700000643730164, 0.5556666652361552, 0.6075000166893005, 0.6469999949137369, 0.6665000120798746, 0.6913333137830099, 0.6983333230018616, 0.7106666763623556, 0.7318333188692728, 0.73116668065389, 0.7349999944368998, 0.746833324432373, 0.7386666536331177, 0.7413333257039388, 0.7438333431879679, 0.750000019868215, 0.7413333257039388, 0.7456666628519694, 0.75300000111262, 0.7524999976158142, 0.7566666801770529, 0.7601666847864786, 0.756166676680247, 0.762499988079071, 0.7513333360354105, 0.7516666650772095, 0.7445000012715658, 0.7536666591962179, 0.7564999858538309, 0.7573333382606506]
