bispectrum: 0.6717 +/- 0.0012 (LR: 0.000820)
baseline: 0.8127 +/- 0.0106 (LR: 0.003175)
conv1d: 0.9638 +/- 0.0024 (LR: 0.009992)
