volterra_lr: 0.0005478285371979896
baseline_lr: 0.006674089412915922
