baseline: 0.7402 +- 0.0099 (best_lr: 0.004954989367528266)
wv: 0.5213 +- 0.0038 (best_lr: 0.0013256140125582194)
wv_augmented: 0.7990 +- 0.0092 (best_lr: 0.0016614914237202292)
