none: 78.48% +/- 0.52% (Hparams: {'lr': 0.007671635346598578})
ingo: 74.07% +/- 10.44% (Hparams: {'lr': 0.0025242146013008003, 'lambda': 0.09966286192288067})
