none: 78.63% +/- 0.31% (Hparams: {'lr': 0.003252683938560197})
weight_ortho: 77.75% +/- 0.48% (Hparams: {'lr': 0.002336671074661861, 'lambda': 1.7272392533704477})
ingo: 78.33% +/- 2.09% (Hparams: {'lr': 0.006853994643148622, 'lambda': 0.0010469547498999487})
