BaselineMLP: 0.7675 +/- 0.0185 (Best LR: 0.008428096823987876)
DLCAMLP: 0.6330 +/- 0.0076 (Best LR: 0.009018898297375951)
DLCAAugmentedMLP: 0.7020 +/- 0.0054 (Best LR: 0.009973286822339682)
