baseline: 0.7663 +/- 0.0012 (Best LR: 0.004340)
dplr: 0.5682 +/- 0.0028 (Best LR: 0.014530)
dplr_augmented: 0.7882 +/- 0.0121 (Best LR: 0.009695)
